6.612499999999999455e-05
2.887500000000000052e-05
1.687500000000000022e-05
1.037499999999999977e-05
6.499999999999999600e-06
5.625000000000000354e-06
2.375000000000000131e-06
2.500000000000000205e-06
1.999999999999999909e-06
1.250000000000000102e-06
7.500000000000000190e-07
4.999999999999999774e-07
6.250000000000000511e-07
6.250000000000000511e-07
3.750000000000000095e-07
2.499999999999999887e-07
0.000000000000000000e+00
2.499999999999999887e-07
2.499999999999999887e-07
1.249999999999999943e-07
0.000000000000000000e+00
0.000000000000000000e+00
0.000000000000000000e+00
0.000000000000000000e+00
2.499999999999999887e-07
