1.368320000000000072e-04
5.823999999999999804e-05
3.059200000000000119e-05
1.561600000000000092e-05
1.068799999999999999e-05
5.888000000000000208e-06
4.352000000000000006e-06
3.456000000000000030e-06
1.664000000000000077e-06
1.216000000000000089e-06
8.320000000000000386e-07
4.479999999999999882e-07
4.479999999999999882e-07
5.120000000000000319e-07
3.200000000000000067e-07
4.479999999999999882e-07
1.919999999999999987e-07
0.000000000000000000e+00
2.560000000000000159e-07
2.560000000000000159e-07
2.560000000000000159e-07
1.280000000000000080e-07
6.400000000000000399e-08
6.400000000000000399e-08
1.280000000000000080e-07
