2.969482756306222134e-06
1.947598973094820444e-06
1.379772317449513146e-06
1.025546831695169377e-06
7.980161000882125349e-07
6.391866832154750501e-07
5.290752687472738641e-07
4.326134903120798279e-07
3.629652104541150248e-07
2.998179714426738632e-07
2.480691516492931202e-07
2.090557820295817714e-07
1.795197147947823735e-07
1.565320158945127602e-07
1.413806210199969280e-07
1.269073362733612894e-07
1.199722634611850462e-07
1.114408901615560596e-07
9.993021565072298454e-08
9.123087196777196174e-08
1.175232402548534170e-07
1.260328845976319083e-07
6.125304890370764520e-08
6.700161192090828739e-08
7.817436920116465804e-08
5.594053986153512381e-08
