3.839953576252714635e-06
2.556013356634897702e-06
1.838965803270958247e-06
1.385514334903829705e-06
1.069171671903067470e-06
8.845140369717147678e-07
7.312906055023539626e-07
5.951869383513049904e-07
4.867699645623180014e-07
4.249523661964946601e-07
3.347106752047204759e-07
2.821912048523128090e-07
2.409467321712414754e-07
2.168413693371261716e-07
1.958058636915655348e-07
1.748964852248320768e-07
1.649114962639050917e-07
1.546476803059131752e-07
1.387132049085449083e-07
1.305286236807850753e-07
1.551553783276622384e-07
1.658176146975946953e-07
9.122763932054792134e-08
9.129334731512474818e-08
1.023480668307906923e-07
