2.433540480534482832e-06
1.684462978637405938e-06
1.244320411058179222e-06
8.932504647096470326e-07
6.865664663410238601e-07
6.027477867765262256e-07
4.892899410370096822e-07
4.105645443240319884e-07
3.216412566571645997e-07
2.961968400641706244e-07
2.349717444800548565e-07
2.097120921644723131e-07
1.685835321020416016e-07
1.468611892094029605e-07
1.388313278766717708e-07
1.165323135271932382e-07
1.158701220505095379e-07
1.074547611602203963e-07
9.557572377962956863e-08
8.641128222633899171e-08
1.139418585770830605e-07
1.056894845100493030e-07
6.155136573626942025e-08
6.497762125532147500e-08
5.759772439949333085e-08
5.007990798713587859e-08
