9.252499999999999657e-04
4.691110744071181671e+02
1.568394175594601734e+02
8.289501656503966842e+01
5.103630514104285254e+01
2.817505877300832751e+01
1.560646162709995011e+01
8.555424195267370635e+00
5.593584810254714768e+00
3.837585329371236753e+00
2.434406370008695752e+00
1.629442539281068747e+00
1.209994230286679961e+00
7.124651465817664064e-01
4.842640587133510977e-01
2.934353045056783404e-01
1.032500000000000025e-04
3.199999999999999855e-05
1.624999999999999858e-05
7.374999999999999693e-06
4.125000000000000316e-06
2.875000000000000002e-06
1.250000000000000102e-06
1.749999999999999974e-06
4.999999999999999774e-07
1.249999999999999943e-07
