1.442398698699684382e-03
6.067352647420882344e-04
7.752404094434169534e-04
7.526345183178944276e-04
6.674778389458156831e-04
7.511312065564366026e-04
1.100370921578103147e-03
7.506695919739373498e-04
6.273780879977596285e-04
6.683964997301633125e-04
9.228924444042402135e-04
1.188636133163186066e-03
6.387363301518301281e-04
8.175430252168503116e-04
9.554259092154199478e-04
2.646782796557300022e-03
1.077820354087340778e-03
6.225445892525645428e-04
7.554501550123004800e-04
5.590838442321212094e-04
1.073875529171901136e-03
9.364108606350175041e-04
9.965243531651285860e-04
9.148723701254229913e-04
6.814741513657538623e-04
2.084017522412809267e-03
8.456717562110411483e-04
7.043473459977758104e-04
6.145496929201777663e-04
8.778743080961692955e-04
6.421851591987073633e-04
9.384166710669996801e-04
6.848107323605140276e-04
1.222640537948562964e-03
9.963353879908739066e-04
7.642516232971635279e-04
6.754527558188943388e-04
8.819726025297012269e-04
6.715904107506463988e-04
9.788870318247402252e-04
7.979211541986663608e-04
7.380029750518450095e-04
6.632508174904273423e-04
1.282915466648363754e-03
6.535803525202850579e-04
8.488122564460548252e-04
1.173305599416357616e-03
7.380544507299919904e-04
6.514121765637248800e-04
7.693155965334097079e-04
6.934120758878798774e-04
9.818154915424751571e-04
9.746546908858711193e-04
1.004390940894383860e-03
7.142018939217916525e-04
1.044583251037996567e-03
2.162614179121382860e-03
7.768046237480846208e-04
7.586022380460356136e-04
8.016027805156470147e-04
6.590967611030259469e-04
1.074177891205229350e-03
1.234524209162269400e-03
6.879711191766639837e-04
7.431260456962260862e-04
6.456169599432092388e-04
5.982313242874145879e-04
1.742148211299831368e-03
8.008646545490276988e-04
9.952083272782351418e-04
6.037138630626571198e-04
7.174508165666945887e-04
7.540460329834706337e-04
2.010479388688475848e-03
7.719955751358865449e-04
1.986581002913363845e-03
9.306415423340936048e-04
1.029185021189443381e-03
1.363984555439763354e-03
6.498784983070255263e-04
6.457948063252849603e-04
1.112485972909180599e-03
7.675062799193365639e-04
8.580867608119111759e-04
1.067820911147469680e-03
9.967295113011850026e-04
1.119480761940536227e-03
7.571236913732513549e-04
9.911064715486688805e-04
8.254939581519546475e-04
8.213646034828039769e-04
1.216848623807450982e-03
6.716467707994531544e-04
9.266754192890282616e-04
1.512099423480409415e-03
9.114171741674120244e-04
1.389212869835522966e-03
1.032113782246922486e-03
6.236306703609132817e-04
7.316209872414823493e-04
8.071500100853758620e-04
9.907787739637406374e-04
1.190287488264876823e-03
8.881238475991349701e-04
7.441134035974389122e-04
7.635932867196914111e-04
9.968512598096906756e-04
1.391450262045126288e-03
4.821597535127982240e-03
1.782974840745563117e-03
5.771689738937672539e-04
7.507640696706433968e-04
5.850268473865560988e-04
8.272797772911727162e-04
6.496715687758012996e-04
1.204157368487037945e-03
9.140865194972614413e-04
1.177683901171488459e-03
5.743601459466208875e-04
7.441163799804551568e-04
9.914802977001098850e-04
1.172697722440574700e-03
5.979220662935437599e-04
1.403160455253924920e-03
8.439512254723566167e-04
9.524794908679028562e-04
8.618925514491706770e-04
6.997883230287016768e-04
6.085858861729696694e-04
7.890675489348993391e-04
1.553387960978133047e-03
8.740827133955072570e-04
7.753862448551129436e-04
2.294852968702825423e-03
7.323146312132465703e-04
7.530600006781527954e-04
7.154030014114803968e-04
1.711958991704681451e-03
9.286009588958228991e-04
1.171633299911349927e-03
9.415349538525928869e-04
9.592538093870928021e-04
1.168667222745342106e-03
7.141100219195118922e-04
1.049042336976957653e-03
5.952656364878674980e-04
9.671677523307696273e-04
6.671467786064227967e-04
5.631133465955604801e-04
8.137140513157702050e-04
7.776455200370266645e-04
8.079033827111960740e-04
5.743665637793018714e-04
6.614788138625813437e-04
9.106149739676272720e-04
1.328402725180659457e-03
6.113282200399281852e-04
1.780425302572986824e-03
7.682463211413434337e-04
9.255130879650919030e-04
6.389092161415303511e-04
8.219250305949247484e-04
1.152359507826891585e-03
8.494418232253269242e-04
6.600107750136075891e-04
6.597162594050049334e-04
8.126772282532495652e-04
8.044795033069618642e-03
9.284103276480649937e-04
1.099229123309407134e-03
1.237442037393388355e-03
5.663481348460675186e-04
1.886167735419760254e-03
7.278031204228434204e-04
9.546283137765738513e-04
1.512298568737751366e-03
9.656489212881284086e-04
9.804316126373652414e-04
7.604286768991889945e-04
7.128098401441693068e-04
2.800265909243127103e-03
1.939530795151491599e-03
1.396502362775602513e-03
6.575730600244138798e-04
1.079009056574478306e-03
1.068207090375963928e-03
9.340639001238234098e-04
6.195126284283949481e-04
6.633883780320750431e-04
1.349597916319730936e-03
8.972082714028135593e-04
6.215454596167066048e-04
7.161861774588574540e-04
2.900506089674709676e-03
7.056039431057945909e-04
6.876862740056924458e-04
1.247503591732082020e-03
1.243232078543434057e-03
8.332654325837161608e-04
2.509654642771131077e-03
9.526758422680665396e-04
1.306022654192307095e-03
2.864728212008745174e-03
8.772624075716511970e-04
1.913922776987227138e-03
7.319997369784451719e-04
9.186337384788420676e-04
6.861479444324726723e-04
1.023539519648107923e-03
7.540863737750377795e-04
1.255699620286747408e-03
2.519535917266576327e-03
7.874717277980935841e-04
7.146398731086091608e-04
1.286381239948701603e-03
7.046101862074325480e-04
1.573226907096514056e-03
8.079385953483386772e-04
7.391645558284689168e-04
8.294296477786269797e-04
6.613991846400033882e-04
2.354562666818302546e-03
6.872565797799872790e-04
6.851326828343417760e-04
6.528335425283073425e-04
1.092250650421185132e-03
6.536349306361656205e-04
5.707277283751562361e-04
8.171249361871037696e-04
8.798463271079658143e-04
7.456102880245972942e-04
2.287987533322072276e-03
7.844506712776494733e-04
8.213000630467355437e-04
1.174200217073745073e-03
9.975864937546573448e-04
1.664888495491231163e-03
5.656833213188456472e-04
6.708087745860598491e-04
7.114764238506169876e-04
9.760483064013005753e-04
1.270656100099371282e-03
1.207902360063217587e-03
5.591175395804515343e-04
6.524211223576204888e-04
6.610859112012471093e-04
8.665715107742029974e-04
1.343240132592912446e-03
6.670954628998493471e-04
8.944895863946428520e-04
1.036624327551017438e-03
8.209103728016671399e-04
6.559490487851540484e-04
1.853023739107293247e-03
1.458347602499197046e-03
8.454005645659478686e-04
7.175513926591784754e-04
6.871383592879850037e-04
9.320854977113745329e-04
6.670398511496320251e-04
6.168996154791230339e-04
1.674305529606369240e-03
8.469445871566169204e-04
9.363286763032694065e-04
6.115014131349385575e-04
5.665478802091214461e-04
1.406769039248657481e-03
7.679385413572713129e-04
1.139371961475406370e-03
9.028749862028360995e-04
5.900433423386797042e-04
6.916905681811571930e-04
6.035661634716559584e-04
1.212235958182557045e-03
1.229351018245170186e-03
7.620408935478179468e-04
1.375697554618110063e-03
2.361663946222357802e-03
6.548433084726517240e-04
9.299457159966846315e-04
9.886275068825727593e-04
2.002638883856100015e-03
1.764128576216580317e-03
9.837824041275043500e-04
6.679362916710275501e-04
7.544203092543353599e-04
7.120343416256893869e-04
8.204980005459843904e-04
1.753105752333746761e-03
9.284446606674278324e-04
9.366248130620907948e-04
7.322234827332268180e-04
9.064134839737205936e-04
7.877726762295776024e-04
6.068413614573889758e-04
6.233594247945886983e-04
6.230017822661645856e-04
7.393260789654454044e-04
1.209855327325482822e-03
9.076365970218235480e-04
1.619636525567773799e-03
1.089853106475062710e-03
9.074512976860923388e-04
2.297439187809604752e-03
8.105017231455223427e-04
7.587425738576720688e-04
5.830957019649022754e-04
1.194556590694806700e-03
6.660979055823343159e-04
1.331756393620006293e-03
5.636927822525873277e-04
1.065795229516631852e-03
1.145069014389404026e-03
8.755150568722828118e-04
5.623899086134711905e-04
8.009237807270334127e-04
7.650853669159390219e-04
1.431085285698206104e-03
6.276078912070342467e-04
7.671123978923939700e-04
8.536593987411316862e-04
3.080341767721846060e-03
8.800656832733288375e-04
2.146937958563882587e-03
9.785041389105528144e-04
7.439950508836883298e-04
7.157983447738826407e-04
1.501490665646613857e-03
7.657160533252411940e-04
9.544629054588459191e-04
1.196610946221205200e-03
8.007603457063557648e-04
1.130251106783874580e-03
5.782639488340363815e-04
8.548406389960428679e-04
1.336008110731781457e-03
1.122673471627014382e-03
1.519880251841801899e-03
7.247037148067247058e-04
8.939239527958469126e-04
6.478742780023060690e-04
6.797118827183174384e-04
6.612553678394823137e-04
8.418836080298075768e-04
2.069324761079772979e-03
6.338428738983690547e-04
9.978648058982071082e-04
2.020897982736695204e-03
9.673608915381802032e-04
1.112969742300052266e-03
8.883060855281897303e-04
9.395590578896445425e-04
8.963523516189825192e-04
2.272558923664676905e-03
7.219900846134203734e-04
8.384796122868743524e-04
8.260297657733412652e-04
8.636834029547361654e-04
1.299753189768104505e-03
9.066678499162302745e-04
9.824478047985917093e-04
8.322341073843816071e-04
6.515538874633220422e-04
1.249913887579752816e-03
1.344510579003818998e-03
6.469866719497509430e-04
7.891551883357789815e-04
7.692689087423032306e-04
7.003966166231028866e-04
8.416198308741640061e-04
9.947048521796709140e-04
1.126314407349369084e-03
7.186307263402124182e-04
1.176770635422359204e-03
6.582857077868336897e-04
1.263123136122367178e-03
7.950940582674134510e-04
7.841635869764524086e-04
8.212590305236174525e-04
9.182000201377422607e-04
7.744865568665991766e-04
8.729926910442420722e-04
9.406987581092737197e-04
1.441605410034635685e-03
9.174135879553186072e-04
9.050491307929175132e-04
6.727810218909084736e-04
7.066905341493799446e-04
8.640316496880220444e-04
3.045919717733628403e-03
8.092298456752330341e-04
1.795047066353755091e-03
7.524318096808758601e-04
7.119727076258727805e-04
1.093916215459818072e-03
1.525974323160198508e-03
6.095008562688094536e-04
5.912798146955722907e-04
7.043977420259484425e-04
6.811826767163978820e-04
9.457904917770022140e-04
6.750857722510279551e-04
5.779841788855192728e-04
7.721716996122845447e-04
1.197802637138959628e-03
9.702005182610362469e-04
8.623857819373351033e-04
1.012125887855624745e-03
1.061571432892308023e-03
8.556532600150759324e-04
6.910519024269390917e-04
9.119619504687271391e-04
8.578397794717314067e-04
6.912326495626107967e-04
5.713228494690129021e-04
1.870248988633740330e-03
7.886778985673332772e-04
6.920034272202583644e-04
7.873237683640241366e-04
6.338334331256911163e-04
7.646705882932572709e-04
1.149984476752353036e-03
7.473516409874481721e-04
6.635008100731472607e-04
9.696907168799199497e-04
6.881131420183152561e-04
7.047907645034582128e-04
1.039705295042380427e-03
1.149331711798015458e-03
1.134240329885853561e-03
1.482025514528240639e-03
1.677328104969674728e-03
1.026055510985939868e-03
7.444858909677424261e-04
1.915067787724752295e-03
8.629726104905785988e-04
6.263150103343309485e-04
8.489125355933407890e-04
7.161023117073305562e-04
1.032845698730460110e-03
1.550076306944751358e-03
1.157523406810698121e-03
8.630745349378617180e-04
7.352227147513462190e-04
6.571676198746498245e-04
9.548771431251789439e-04
6.217949911887635022e-04
1.262232352004007824e-03
1.248782576977787093e-03
2.232576105995516189e-03
1.156721871520278782e-03
1.006538919904753247e-03
1.806705430627167852e-03
8.832797621223976861e-04
1.094495881308437052e-03
1.033255379921716550e-03
8.448456024732395840e-04
1.313298389083770263e-03
7.450368482424689137e-04
5.996032207143888078e-04
7.696036202144109677e-04
6.109515987397857095e-04
9.007833447184874229e-04
1.604350797923449149e-03
9.136559185622893618e-04
1.280261199123230477e-03
6.705263984301657694e-04
7.353779271769316428e-04
1.002930379803634040e-03
9.305569955042702988e-04
1.510885898111442860e-03
1.288066567182336291e-03
1.039644536370783450e-03
6.332570552869313087e-04
1.147533425564710918e-03
1.326491521150147948e-03
6.734441933218684269e-04
1.072015854343003191e-03
2.188944339879640450e-03
1.010844303987649398e-03
7.087431872151438465e-04
6.630337928965931559e-04
1.517665152244650770e-03
8.587429978584236153e-04
6.900709679784642952e-04
6.360478120946820189e-04
8.915575957589155776e-04
7.846948317590272731e-04
7.827849523858892468e-04
6.495440578765904020e-04
2.151856334078088278e-03
7.202073032798548408e-04
1.722000839378528495e-03
9.901446254060213351e-04
8.782586202055363755e-04
9.607997059666693743e-04
1.018906661256416789e-03
8.478730276496130322e-04
7.323459105788686233e-04
1.109308988755350204e-03
7.544388864768841567e-04
1.476994697847662172e-03
8.681048902785832438e-04
7.458969684904387951e-04
7.154639610346485122e-04
6.830944178726311130e-04
6.263580238038405539e-04
1.579462423375868011e-03
6.731452230538453527e-04
8.917422453903667192e-04
1.361406755890645550e-03
6.401506561866650378e-04
2.163870396924385316e-03
1.134522265575731983e-03
1.163596334843816985e-03
1.593231316479553576e-03
1.318069345876832004e-03
5.997475380038585612e-04
6.596308577290911201e-04
7.161740031796261360e-04
9.512614510502684362e-04
5.952118163314838598e-04
1.272177108617407373e-03
7.100689727098367281e-04
6.968490401124023681e-04
6.782370246886628351e-04
1.335596184942119003e-03
6.984112111615600445e-04
5.975880195296823672e-04
9.830846005224967016e-04
6.643886206870020352e-04
5.875008693444853112e-04
1.998493965660126572e-03
1.545977365770895588e-03
1.413950201169585520e-03
1.443969565502310802e-03
9.805252064185722254e-04
6.756922928753922135e-04
1.276522731797486961e-03
8.723563204088077968e-04
1.048090818216823724e-03
1.193366864230611295e-03
6.623249819527155880e-04
2.164833335835607709e-03
9.929982318733435870e-04
1.274530749832825235e-03
8.104765565774268033e-04
1.572121091278355859e-03
8.847230090623873621e-04
9.678096526408115413e-04
5.800299340872941932e-04
6.773287452483636078e-04
6.639979209529050207e-04
6.098677158357756860e-04
1.009483979341824472e-03
3.529555305588094518e-03
5.964537876443640543e-04
6.933428944934602080e-04
8.489380970924522785e-04
6.582509848086557204e-04
8.750981745695403987e-04
8.853689503144946153e-04
7.339846155981398718e-04
7.194749867463280961e-04
7.085277438877661928e-04
2.178236973221160406e-03
8.303764266070060886e-04
9.414230463910347197e-04
1.302621164388875243e-03
1.064314640794247974e-03
1.392666165665548857e-03
8.485672145416832965e-04
9.558725340542853586e-04
6.647541097987690745e-04
6.295763259966544395e-04
1.292398085770387478e-03
9.311297224598886211e-04
1.212665802827932095e-03
1.108683223960731535e-03
1.139712134018765893e-03
7.428509613149610969e-04
7.089627279181332604e-04
1.233642282367666213e-03
6.263154632943374739e-04
7.680615794785707095e-04
5.696591265438860760e-04
8.813626703795001847e-04
1.124313709247176229e-03
6.082517999780976282e-04
1.173959324500046652e-03
1.581634360026794132e-03
6.744026472403333219e-04
7.012695614153433834e-04
1.067085199710322884e-03
1.186773753446952739e-03
5.868785047457535358e-04
5.641873161262950199e-04
6.114636813860841900e-04
1.294852166956292306e-03
7.311553698278053584e-04
7.387923781441407258e-04
7.843056767491227849e-04
1.599566084650615909e-03
1.179588800697754271e-03
8.353314612285178643e-04
6.515214426880290956e-04
6.135652273482082369e-04
7.390188459853652345e-04
7.381471013874693621e-04
7.958890008862099788e-04
6.805174647441779865e-04
7.079354260242408728e-04
7.393085191295808382e-04
7.326600438037639967e-04
6.409065245197057784e-04
8.595623941974581171e-04
1.372786374907842806e-03
2.255318329152297078e-03
8.455596003240918286e-04
6.526398762818080715e-04
6.427506939805818602e-04
8.056266467208441284e-04
6.711095638833340432e-04
6.422849534433208414e-04
9.024806665510343032e-04
7.269309738339804500e-04
7.518239585796900049e-04
6.637268677178000727e-04
1.035577545026673514e-03
1.354708498181295519e-03
6.681850911262013793e-04
7.350677495541545854e-04
8.208445820127032670e-04
1.213349562283971188e-03
7.742401934395082676e-04
8.292552174053993350e-04
7.792348945610667833e-04
1.168536871344310691e-03
1.691862970750348085e-03
7.761935289171288449e-04
5.732646897040698762e-04
7.678964424626914939e-04
1.721086115798280830e-03
1.265218737320380343e-03
1.112729866083246588e-03
7.952829733584706670e-04
1.257383878698186200e-03
6.554416197824535373e-04
8.714511740215144043e-04
6.456966027935167815e-04
7.779039417831563798e-04
2.005853760380284494e-03
9.190919558734467198e-04
9.160829984029269851e-04
7.234314837626040513e-04
6.086122410942674003e-04
7.673949833414692515e-04
7.270171914433688027e-04
6.854116068004363150e-04
2.287276922044320215e-03
6.252978395055178639e-04
1.079913975321868677e-03
6.571186661709773691e-04
7.792665786441329645e-04
7.197858293222773223e-04
7.230839355501114630e-04
6.390973632526584592e-04
5.778686509365399578e-04
1.335785460710077000e-03
6.584517175636152991e-04
3.011105580140887618e-03
9.769154060418182989e-04
8.727738927332423383e-04
7.100231588589227087e-04
9.190531144170138115e-04
9.783839401795591927e-04
6.588288058868155880e-04
8.875178243321796582e-04
5.966624737407926621e-04
8.718324898990140528e-04
1.196842073731913631e-03
1.733063173249456846e-03
1.387703909304950243e-03
1.217191377874020765e-03
9.394549177704565775e-04
7.425100314697072020e-04
8.068646647440733902e-04
9.790395232718398285e-04
7.381889749723814483e-04
1.589080666416837172e-03
5.774025791406865510e-04
8.571770286404351664e-04
8.950261833196559427e-04
1.189044837531316864e-03
8.684506461104976724e-04
9.929486763962959688e-04
1.405491470907048630e-03
8.279513362160483307e-04
1.416741433987113831e-03
7.712207815595578273e-04
7.499302390593373191e-04
6.066680133595651761e-04
9.706242913931086534e-04
9.044113007757247861e-04
6.145488347884551844e-04
6.154544665307764466e-04
1.356714693279570871e-03
1.104375850756655333e-03
5.579989871752531966e-04
8.058633233705117700e-04
7.034671600145649042e-04
1.257786550110908536e-03
6.061133229854367109e-04
8.449106013647044930e-04
1.023413662965503602e-03
1.380237661488138440e-03
1.377328909142606396e-03
1.309581145291254271e-03
7.327292785593439916e-04
7.507340466909545682e-04
7.894590946227677966e-04
9.743158133025293932e-04
1.335350527456899243e-03
6.745013655192748803e-04
3.944931468532548308e-03
1.562900190667349627e-03
1.250811422089010772e-03
7.629707684081556487e-04
1.087742876477543153e-03
6.394046215817832156e-04
8.851724186760471071e-04
5.800690407239062407e-04
2.802044660667355955e-03
7.437313893877108483e-04
1.600565477731800057e-03
1.539826432667497531e-03
7.652661188043345490e-04
6.220754262876153785e-04
5.651795448678952321e-04
1.539235730730811923e-03
1.929114896591353680e-03
1.563636568130315338e-03
9.592647462547367531e-04
9.378012986386853296e-04
7.472533125896478742e-04
8.917099799442311991e-04
2.021550970202058879e-03
7.242443314227820948e-04
7.680379173107299310e-04
9.907551460573895546e-04
1.698097430474758895e-03
8.561342503497503019e-04
1.393835333928268236e-03
7.121458945320928956e-04
7.862301860406224275e-04
6.999388162924101778e-04
7.535102308683619583e-04
1.729331728534912920e-03
7.129531441964968679e-04
9.241693465493112415e-04
6.114536002532122358e-04
9.265380363394573474e-04
1.031803223499013107e-03
7.473294660410816212e-04
1.229941813297055590e-03
1.066464182890063811e-03
1.498458633989914425e-03
1.420735821935561289e-03
2.009024114210776132e-03
8.027953746965412916e-04
6.618017453638848184e-04
6.675144563108867737e-04
1.388442434349869154e-03
1.025830281638259083e-03
7.225526031946615402e-04
7.278456731609438384e-04
6.434647382424100786e-04
1.013024726963365546e-03
1.137561822105090208e-03
7.174402542833392465e-04
7.990413195674761146e-04
1.284139233654334709e-03
7.859503852283096417e-04
8.639802526544609158e-04
5.749168652080465609e-04
6.192189267308921595e-04
9.649014724918390535e-04
5.718451876371794191e-04
1.286430406819507417e-03
8.561089106193893114e-04
7.348191880173933748e-04
9.603841761148044880e-04
6.055796828626846618e-04
9.837564374771891502e-04
1.580094945099465254e-03
5.683696271479208272e-04
9.400739990234325931e-04
6.355765786459346631e-04
8.316298629310236914e-04
9.564160510728505647e-04
2.499904736925788462e-03
7.377620843846926894e-04
7.502002092472468287e-04
6.181448808335932889e-04
6.389861637986379806e-04
8.151034442622210512e-04
8.097219368130529216e-04
1.477370364253102059e-03
6.758845379694014164e-04
1.004065777228998124e-03
1.276567199989359211e-03
1.612542201044933317e-03
9.793998045869261020e-04
9.508544274098118618e-04
5.421740902073776767e-04
1.104595198254799179e-03
7.397816950122401529e-04
7.429639928823562152e-04
1.154933721639315927e-03
9.359642313756611019e-04
6.562385136607012818e-04
7.561650735138431738e-04
7.290281222885415437e-04
8.784316240025067226e-04
6.820377040364492861e-04
7.421987887806360878e-04
5.949623064540855103e-04
9.135985881454231549e-04
9.553320108022210228e-04
1.410509290180025953e-03
9.421403830707614745e-04
1.396368867307391315e-03
1.138088032420003521e-03
5.831599515746999822e-04
6.399680472630711516e-04
8.900474181506574760e-04
7.439438207246262293e-04
8.019865428193739517e-04
1.355710200881356893e-03
7.383791530828963477e-04
1.538976541094931507e-03
6.995610124917203514e-04
9.652924345791299250e-04
8.120258907378517148e-04
7.707675199041691969e-04
6.609754283617316718e-04
1.330026259478527635e-03
5.852934786482106612e-04
7.605041550327482037e-04
1.002381661341893247e-03
8.114217494163917859e-04
6.636107632344768375e-04
8.502978010887522666e-04
4.126645641468018426e-03
7.186074877419533925e-04
6.909367173125293207e-04
6.502161843539126795e-04
2.256713780749011918e-03
6.434440632624738874e-04
6.683780314278247149e-04
8.163152603371049212e-04
8.895161591186469957e-04
9.268727281483564147e-04
6.925440295159479695e-04
7.414521896464069516e-04
8.222242304977341607e-04
6.371540993675547850e-04
1.022895486115173299e-03
5.653896323614097811e-04
1.043351307187524420e-03
9.317882245822526601e-04
1.378096022958579360e-03
8.870151308822901443e-04
7.707013865965203596e-04
9.097695906558489346e-04
5.704762659220646327e-04
6.152582302071235836e-04
1.123727704242343840e-03
9.324176089553224203e-04
1.260763106817140451e-03
2.129614164429490149e-03
1.036675817783391058e-03
6.825637899767113964e-04
7.381548957295256883e-04
1.187728119092177183e-03
7.521499798601782643e-04
7.204874436545827049e-04
1.512905092599462322e-03
8.213088928215259979e-04
1.044341312953259073e-03
5.982691007055059062e-04
6.946098260564811423e-04
1.079074258215334276e-03
8.843277036611713960e-04
1.152408521999379000e-03
9.530605268250520474e-04
7.425494989273812973e-04
1.086752120150108686e-03
8.420800457938932421e-04
1.031438909285233019e-03
1.331384633298487996e-03
9.369941709577251027e-04
7.989373448522353073e-04
1.405059645352669910e-03
5.778490381388936984e-04
1.019410581673024091e-03
1.817186731726153992e-03
5.951938368493846481e-04
9.339394492894541148e-04
7.643370812463682728e-04
6.764500473383481833e-04
9.233070249860695841e-04
1.381367661821306190e-03
6.594997670814674870e-04
7.435270415749236370e-04
8.392042344520772969e-04
9.543656435827149948e-04
6.291322153543744359e-04
9.760137962393241164e-04
6.000288769036180329e-04
1.413272031807894999e-03
1.172134863119779881e-03
1.133931612442773710e-03
1.114240593928918915e-03
1.105348847994340033e-03
7.188265150652764458e-04
1.049195609201395872e-03
1.471658214671317001e-03
1.397324445326659365e-03
6.929862096988266985e-04
1.739588592988430089e-03
2.032110513271186136e-03
7.793127177689522338e-04
1.400194074690314485e-03
7.644419656945205871e-04
1.156184912149420653e-03
8.774433045500630059e-04
7.659597325644189325e-04
7.290393755589275005e-04
8.312962226032312354e-04
1.042116700837610000e-03
1.133600928546353321e-03
1.420189816594266251e-03
8.852063491641348151e-04
8.683690956670622914e-04
6.112241382506673716e-04
8.927927240354695997e-04
9.841793120059524978e-04
8.671852841013671324e-04
1.577807573988885582e-03
6.334446845743388821e-04
7.676671822295482719e-04
1.153787437768584055e-03
1.364828501544934495e-03
6.631675809949399720e-04
8.378246569000633503e-04
7.479438691249796047e-04
9.374763133180231316e-04
1.298159414381239510e-03
1.203706085779691426e-03
1.153179427015490078e-03
1.343166485173484959e-03
5.905237186449871847e-04
5.415798798422202798e-04
7.720834702542139468e-04
6.517162418206593009e-04
6.025737473964717711e-04
1.528532878887891048e-03
6.314506813799451767e-04
1.216373612907210204e-03
1.721314108023529622e-03
1.105491041033067681e-03
6.411415532106332473e-04
6.630735145795680014e-04
5.665087633381876535e-04
7.234089686366319870e-04
6.961370825998189045e-04
7.277240744272952871e-04
5.527363007589040705e-04
6.258826214120648398e-04
6.550342437920743952e-04
6.465020526290459488e-04
2.664979280844550786e-03
8.137653096678819798e-04
1.625152473976615485e-03
1.160911460378613418e-03
9.658757710002046975e-04
6.977530211513887585e-04
6.632735717490228318e-04
7.835302404327836555e-04
8.291162076424247063e-04
8.102841173796001628e-04
1.104333929100749555e-03
1.098667696248893178e-03
1.252094611444760745e-03
1.046357092840398927e-03
6.362896349631440816e-04
1.095978302638417638e-03
1.298709317551611196e-03
1.354432091839396146e-03
