9.305000000000000120e-04
4.423603346129622196e+02
1.568342835003645064e+02
1.001554122828575402e+02
5.834395908085972593e+01
3.090538202831481129e+01
1.772630549460127014e+01
8.733082376355522314e+00
5.990924718382697023e+00
3.742140443456643428e+00
2.503111190222663041e+00
1.758035675778246709e+00
1.199799042978627384e+00
7.434000252545858167e-01
4.925421947678676471e-01
2.589724810988018877e-01
9.562499999999999332e-05
3.499999999999999693e-05
1.487500000000000073e-05
7.750000000000000338e-06
6.000000000000000152e-06
4.624999999999999764e-06
2.124999999999999983e-06
1.624999999999999900e-06
4.999999999999999774e-07
4.999999999999999774e-07
