9.294999999999999877e-04
4.120627508925463189e+02
1.540271420907959907e+02
8.111014825740157619e+01
5.054155897005187370e+01
2.674366664506261415e+01
1.710121389502178957e+01
9.445152090748429430e+00
5.994557051327110031e+00
3.611736726658614671e+00
2.376695446883937191e+00
1.671101771350567589e+00
1.090003853165577574e+00
7.334814057622138783e-01
4.974492856280809949e-01
2.753516587315447683e-01
9.562499999999999332e-05
3.787499999999999905e-05
1.500000000000000038e-05
6.250000000000000300e-06
2.875000000000000002e-06
4.500000000000000114e-06
1.624999999999999900e-06
1.624999999999999900e-06
4.999999999999999774e-07
1.249999999999999943e-07
