1.957600000000000027e-05
7.009886157828937576e+04
2.725044253551481597e+04
1.588610826195593290e+04
9.533789157107288702e+03
5.287578458139283612e+03
2.852215570243794446e+03
1.541926381068704814e+03
8.979457234904507459e+02
5.948827264303278071e+02
4.104601256585526130e+02
3.157767754181561486e+02
2.617958229651080160e+02
1.977863620977197741e+02
1.653444238509374884e+02
1.391145312058319234e+02
4.999999999999999774e-07
2.499999999999999887e-07
3.750000000000000095e-07
2.499999999999999887e-07
0.000000000000000000e+00
0.000000000000000000e+00
0.000000000000000000e+00
0.000000000000000000e+00
0.000000000000000000e+00
0.000000000000000000e+00
0.000000000000000000e+00
0.000000000000000000e+00
0.000000000000000000e+00
0.000000000000000000e+00
0.000000000000000000e+00
1.249999999999999943e-07
0.000000000000000000e+00
0.000000000000000000e+00
0.000000000000000000e+00
0.000000000000000000e+00
0.000000000000000000e+00
0.000000000000000000e+00
0.000000000000000000e+00
0.000000000000000000e+00
0.000000000000000000e+00
